4 : QR Method 

2 58.1138830084
3 58.1138830084
4 150.0
5 58.1138830084
6 58.1138830084
7 150.0
8 58.1138830084
9 58.1138830084
10 150.0
11 58.1138830084
12 58.1138830084
13 150.0
14 58.1138830084
15 58.1138830084
16 150.0
17 58.1138830084
18 58.1138830084
19 150.0
20 58.1138830084
21 58.1138830084
22 150.0
23 58.1138830084
24 58.1138830084
25 150.0
26 58.1138830084
27 58.1138830084
28 150.0
29 58.1138830084
30 58.1138830084
31 150.0
32 58.1138830084
33 58.1138830084
34 150.0
35 58.1138830084
36 58.1138830084
37 150.0
38 58.1138830084
39 58.1138830084
40 150.0
41 58.1138830084
42 58.1138830084
43 150.0
44 58.1138830084
45 58.1138830084
46 150.0
47 58.1138830084
48 58.1138830084
49 150.0
50 58.1138830084
51 58.1138830084
52 150.0
53 58.1138830084
54 58.1138830084
55 150.0
56 58.1138830084
57 58.1138830084
58 150.0
59 58.1138830084
60 58.1138830084
61 150.0
62 58.1138830084
63 58.1138830084
64 150.0
65 58.1138830084
66 58.1138830084
67 150.0
68 58.1138830084
69 58.1138830084
70 150.0
71 58.1138830084
72 58.1138830084
73 150.0
74 58.1138830084
75 58.1138830084
76 150.0
77 58.1138830084
78 58.1138830084
79 150.0
80 58.1138830084
81 58.1138830084
82 150.0
83 58.1138830084
84 58.1138830084
85 150.0
86 58.1138830084
87 58.1138830084
88 150.0
89 58.1138830084
90 58.1138830084
91 150.0
92 58.1138830084
93 58.1138830084
94 150.0
95 58.1138830084
96 58.1138830084
97 150.0
98 58.1138830084
99 58.1138830084
100 150.0

Eigenvalues: 
3.16227766017
1.26491106407
Number of Iterations:  100
