3 : Shifted Power 

[[  8.  -1.  -1.]
 [ -1.   4.  -2.]
 [ -1.  -2.  10.]]
[[ 0. -1. -1.]
 [-1. -4. -2.]
 [-1. -2.  2.]]
1 		[[ 0.28571429  1.          0.14285714]] 		-7.0
2 		[[ 0.25    1.      0.4375]] 		-4.57142857143 		53.125
3 		[[ 0.2804878   1.          0.26829268]] 		-5.125 		10.8013937282
4 		[[ 0.26329114  1.          0.36202532]] 		-4.81707317073 		6.39240506329
5 		[[ 0.27309645  1.          0.30862944]] 		-4.98734177215 		3.41401510462
6 		[[ 0.26759394  1.          0.33859248]] 		-4.89035532995 		1.98321871641
7 		[[ 0.27070826  1.          0.32163399]] 		-4.94477890803 		1.10062712807
8 		[[ 0.26895409  1.          0.33118603]] 		-4.91397623746 		0.626838004257
9 		[[ 0.26994484  1.          0.32579107]] 		-4.93132614528 		0.351830467254
10 		[[ 0.26938612  1.          0.32883345]] 		-4.92152697889 		0.199108252933
11 		[[ 0.26970147  1.          0.32711627]] 		-4.92705302207 		0.112157168947
12 		[[ 0.26952357  1.          0.32808501]] 		-4.92393401825 		0.0633437372248
13 		[[ 0.26962396  1.          0.32753835]] 		-4.92569358273 		0.0357221668252
14 		[[ 0.26956732  1.          0.32784678]] 		-4.92470066261 		0.0201620399499
15 		[[ 0.26959928  1.          0.32767275]] 		-4.92526087901 		0.0113743497814
16 		[[ 0.26958125  1.          0.32777094]] 		-4.92494477102 		0.00641850843225
17 		[[ 0.26959142  1.          0.32771554]] 		-4.92512312944 		0.00362140022239
18 		[[ 0.26958568  1.          0.3277468 ]] 		-4.925022491 		0.00204341078117
19 		[[ 0.26958892  1.          0.32772916]] 		-4.92507927517 		0.001152959632
20 		[[ 0.26958709  1.          0.32773911]] 		-4.92504723502 		0.000650555305262
Error Threshold Hit
________________________________________________________________ 

Eigen Value:	3.07495276498
Eigen Vector:	[[ 0.26958709  1.          0.32773911]]
